===== Pancreas band access, d = [2, 10, 20, 50], seeds (0, 1, 2), t in [0.35, 0.65]
the visible band cells enter P and the metric, never a coupling marginal; scoring is against the rest of the band

                                          mid W2  mid sd  argmin t  W2 there  W2 floor  n held  n seeds
d  band shown arm                                                                                      
2  0%         FFM (ours), deterministic   1.3833  0.1410      0.65    1.0909    0.1072  1232.0        3
              FFM (ours), with noise      1.3723  0.1505      0.65    1.0991    0.1072  1232.0        3
              OT-CFM                      1.7607  0.0262      0.60    1.7503    0.1072  1232.0        3
              MFM / LAND                  1.4506  0.0025      0.65    1.3939    0.1072  1232.0        3
              Curly-FM                    0.9751  0.1704      0.65    0.9177    0.1072  1232.0        3
   5%         FFM (ours), deterministic   1.3313  0.0627      0.65    0.7694    0.1113  1172.0        3
              FFM (ours), with noise      1.3525  0.0420      0.65    0.7973    0.1113  1172.0        3
              OT-CFM                      1.7622  0.0392      0.60    1.7532    0.1113  1172.0        3
              MFM / LAND                  1.2412  0.5283      0.65    1.2025    0.1113  1172.0        3
              Curly-FM                    0.9360  0.1045      0.40    0.9196    0.1113  1172.0        3
   35%        FFM (ours), deterministic   1.0927  0.2477      0.60    0.9648    0.1061   802.0        3
              FFM (ours), with noise      1.1013  0.2611      0.65    0.9160    0.1061   802.0        3
              OT-CFM                      1.7666  0.0297      0.60    1.7539    0.1061   802.0        3
              MFM / LAND                  0.6878  0.0378      0.55    0.6708    0.1061   802.0        3
              Curly-FM                    1.5865  0.1369      0.35    1.3955    0.1061   802.0        3
10 0%         FFM (ours), deterministic  10.4924  0.3776      0.40    9.9755    2.6965  1232.0        3
              FFM (ours), with noise     10.3628  0.5462      0.40    9.7297    2.6965  1232.0        3
              OT-CFM                     11.6958  0.1300      0.60   11.6074    2.6965  1232.0        3
              MFM / LAND                 11.5233  0.0517      0.65   11.1842    2.6965  1232.0        3
              Curly-FM                   11.5671  0.3252      0.45   11.5661    2.6965  1232.0        3
   5%         FFM (ours), deterministic   9.2784  0.0900      0.35    6.1963    2.7327  1172.0        3
              FFM (ours), with noise      9.8367  0.4221      0.35    7.0975    2.7327  1172.0        3
              OT-CFM                     11.6954  0.1177      0.60   11.6239    2.7327  1172.0        3
              MFM / LAND                 10.2600  0.8106      0.65    9.9226    2.7327  1172.0        3
              Curly-FM                   11.4191  0.1533      0.55   11.4011    2.7327  1172.0        3
   35%        FFM (ours), deterministic   9.4515  0.1625      0.35    6.7462    2.7109   802.0        3
              FFM (ours), with noise      9.3613  0.2286      0.35    6.6567    2.7109   802.0        3
              OT-CFM                     11.7261  0.0721      0.60   11.6043    2.7109   802.0        3
              MFM / LAND                 10.1850  0.1500      0.65    9.7023    2.7109   802.0        3
              Curly-FM                   11.4878  0.4551      0.35   11.4718    2.7109   802.0        3
20 0%         FFM (ours), deterministic  10.4208  0.1028      0.55   10.3492    4.1238  1232.0        3
              FFM (ours), with noise     10.3679  0.0641      0.55   10.3327    4.1238  1232.0        3
              OT-CFM                     12.3291  0.0685      0.55   12.2666    4.1238  1232.0        3
              MFM / LAND                 12.0368  0.0696      0.65   11.7064    4.1238  1232.0        3
              Curly-FM                   12.2067  0.0844      0.55   12.1906    4.1238  1232.0        3
   5%         FFM (ours), deterministic   8.2742  0.3540      0.55    7.9032    4.1624  1172.0        3
              FFM (ours), with noise      8.4860  0.3098      0.55    8.0353    4.1624  1172.0        3
              OT-CFM                     12.3264  0.0445      0.55   12.2724    4.1624  1172.0        3
              MFM / LAND                 11.8784  0.0338      0.65   11.6013    4.1624  1172.0        3
              Curly-FM                   12.2163  0.1098      0.55   12.2124    4.1624  1172.0        3
   35%        FFM (ours), deterministic   8.1989  0.0481      0.55    7.9326    4.1352   802.0        3
              FFM (ours), with noise      8.2513  0.2160      0.55    7.7322    4.1352   802.0        3
              OT-CFM                     12.3491  0.0850      0.60   12.2643    4.1352   802.0        3
              MFM / LAND                 11.7247  0.1739      0.65   11.2765    4.1352   802.0        3
              Curly-FM                   12.2431  0.0665      0.55   12.2210    4.1352   802.0        3
50 0%         FFM (ours), deterministic  12.5334  0.0676      0.55   12.5258    6.7222  1232.0        3
              FFM (ours), with noise     12.5512  0.0532      0.55   12.5357    6.7222  1232.0        3
              OT-CFM                     13.5196  0.0564      0.55   13.4865    6.7222  1232.0        3
              MFM / LAND                 12.9797  0.1068      0.65   12.6909    6.7222  1232.0        3
              Curly-FM                   13.2732  0.1845      0.55   13.2612    6.7222  1232.0        3
   5%         FFM (ours), deterministic  12.1675  0.1889      0.55   12.1664    6.7422  1172.0        3
              FFM (ours), with noise     12.1424  0.0123      0.55   12.1262    6.7422  1172.0        3
              OT-CFM                     13.5128  0.0617      0.55   13.4862    6.7422  1172.0        3
              MFM / LAND                 13.0255  0.1077      0.65   12.8400    6.7422  1172.0        3
              Curly-FM                   13.2945  0.3272      0.55   13.2917    6.7422  1172.0        3
   35%        FFM (ours), deterministic  11.3813  0.0945      0.50   11.3813    6.7049   802.0        3
              FFM (ours), with noise     11.3827  0.1534      0.50   11.3827    6.7049   802.0        3
              OT-CFM                     13.5443  0.1052      0.55   13.4962    6.7049   802.0        3
              MFM / LAND                 13.1549  0.0653      0.65   12.8902    6.7049   802.0        3
              Curly-FM                   13.3209  0.1792      0.55   13.3010    6.7049   802.0        3

                                   0%       5%      35%   0% sd   5% sd  35% sd  0% / OT-CFM  5% / OT-CFM  35% / OT-CFM
d  arm                                                                                                                 
2  FFM (ours), deterministic   1.3833   1.3313   1.0927  0.1410  0.0627  0.2477       0.7857       0.7555        0.6185
   FFM (ours), with noise      1.3723   1.3525   1.1013  0.1505  0.0420  0.2611       0.7794       0.7675        0.6234
   OT-CFM                      1.7607   1.7622   1.7666  0.0262  0.0392  0.0297       1.0000       1.0000        1.0000
   MFM / LAND                  1.4506   1.2412   0.6878  0.0025  0.5283  0.0378       0.8239       0.7044        0.3893
   Curly-FM                    0.9751   0.9360   1.5865  0.1704  0.1045  0.1369       0.5538       0.5312        0.8981
   two-sample floor            0.1072   0.1113   0.1061     NaN     NaN     NaN          NaN          NaN           NaN
10 FFM (ours), deterministic  10.4924   9.2784   9.4515  0.3776  0.0900  0.1625       0.8971       0.7933        0.8060
   FFM (ours), with noise     10.3628   9.8367   9.3613  0.5462  0.4221  0.2286       0.8860       0.8411        0.7983
   OT-CFM                     11.6958  11.6954  11.7261  0.1300  0.1177  0.0721       1.0000       1.0000        1.0000
   MFM / LAND                 11.5233  10.2600  10.1850  0.0517  0.8106  0.1500       0.9852       0.8773        0.8686
   Curly-FM                   11.5671  11.4191  11.4878  0.3252  0.1533  0.4551       0.9890       0.9764        0.9797
   two-sample floor            2.6965   2.7327   2.7109     NaN     NaN     NaN          NaN          NaN           NaN
20 FFM (ours), deterministic  10.4208   8.2742   8.1989  0.1028  0.3540  0.0481       0.8452       0.6713        0.6639
   FFM (ours), with noise     10.3679   8.4860   8.2513  0.0641  0.3098  0.2160       0.8409       0.6884        0.6682
   OT-CFM                     12.3291  12.3264  12.3491  0.0685  0.0445  0.0850       1.0000       1.0000        1.0000
   MFM / LAND                 12.0368  11.8784  11.7247  0.0696  0.0338  0.1739       0.9763       0.9637        0.9494
   Curly-FM                   12.2067  12.2163  12.2431  0.0844  0.1098  0.0665       0.9901       0.9911        0.9914
   two-sample floor            4.1238   4.1624   4.1352     NaN     NaN     NaN          NaN          NaN           NaN
50 FFM (ours), deterministic  12.5334  12.1675  11.3813  0.0676  0.1889  0.0945       0.9270       0.9004        0.8403
   FFM (ours), with noise     12.5512  12.1424  11.3827  0.0532  0.0123  0.1534       0.9284       0.8986        0.8404
   OT-CFM                     13.5196  13.5128  13.5443  0.0564  0.0617  0.1052       1.0000       1.0000        1.0000
   MFM / LAND                 12.9797  13.0255  13.1549  0.1068  0.1077  0.0653       0.9601       0.9639        0.9712
   Curly-FM                   13.2732  13.2945  13.3209  0.1845  0.3272  0.1792       0.9818       0.9838        0.9835
   two-sample floor            6.7222   6.7422   6.7049     NaN     NaN     NaN          NaN          NaN           NaN

                                            0.35     0.40     0.45     0.50     0.55     0.60     0.65
d  band shown arm                                                                                     
2  0%         FFM (ours), deterministic   1.7917   1.6715   1.5310   1.3833   1.2478   1.1452   1.0909
              FFM (ours), with noise      1.7899   1.6687   1.5253   1.3723   1.2325   1.1350   1.0991
              OT-CFM                      1.8259   1.7978   1.7760   1.7607   1.7521   1.7503   1.7553
              MFM / LAND                  1.4965   1.4804   1.4656   1.4506   1.4346   1.4161   1.3939
              Curly-FM                    1.0151   1.0036   0.9900   0.9751   0.9589   0.9402   0.9177
              two-sample floor            0.1072   0.1072   0.1072   0.1072   0.1072   0.1072   0.1072
   5%         FFM (ours), deterministic   1.7752   1.6593   1.5122   1.3313   1.1270   0.9254   0.7694
              FFM (ours), with noise      1.7737   1.6606   1.5206   1.3525   1.1624   0.9669   0.7973
              OT-CFM                      1.8254   1.7980   1.7768   1.7622   1.7543   1.7532   1.7589
              MFM / LAND                  1.3119   1.2860   1.2623   1.2412   1.2238   1.2109   1.2025
              Curly-FM                    0.9262   0.9196   0.9210   0.9360   0.9703   1.0296   1.1164
              two-sample floor            0.1113   0.1113   0.1113   0.1113   0.1113   0.1113   0.1113
   35%        FFM (ours), deterministic   1.5418   1.3842   1.2280   1.0927   1.0001   0.9648   0.9900
              FFM (ours), with noise      1.5640   1.4085   1.2489   1.1013   0.9856   0.9212   0.9160
              OT-CFM                      1.8349   1.8058   1.7829   1.7666   1.7568   1.7539   1.7577
              MFM / LAND                  0.8601   0.7781   0.7229   0.6878   0.6708   0.6725   0.6958
              Curly-FM                    1.3955   1.4711   1.5323   1.5865   1.6372   1.6854   1.7318
              two-sample floor            0.1061   0.1061   0.1061   0.1061   0.1061   0.1061   0.1061
10 0%         FFM (ours), deterministic  10.1876   9.9755  10.0470  10.4924  11.0665  11.6009  12.0741
              FFM (ours), with noise      9.7898   9.7297   9.9125  10.3628  10.9165  11.4767  11.9305
              OT-CFM                     12.3466  12.0648  11.8464  11.6958  11.6158  11.6074  11.6702
              MFM / LAND                 12.0538  11.8545  11.6780  11.5233  11.3899  11.2774  11.1842
              Curly-FM                   11.5896  11.5750  11.5661  11.5671  11.5832  11.6215  11.6930
              two-sample floor            2.6965   2.6965   2.6965   2.6965   2.6965   2.6965   2.6965
   5%         FFM (ours), deterministic   6.1963   6.8845   8.2046   9.2784  10.0472  10.6680  11.2110
              FFM (ours), with noise      7.0975   7.8114   8.9568   9.8367  10.5915  11.1620  11.6701
              OT-CFM                     12.3205  12.0469  11.8373  11.6954  11.6240  11.6239  11.6951
              MFM / LAND                 10.7463  10.5650  10.4033  10.2600  10.1333  10.0222   9.9226
              Curly-FM                   11.4999  11.4765  11.4475  11.4191  11.4011  11.4063  11.4463
              two-sample floor            2.7327   2.7327   2.7327   2.7327   2.7327   2.7327   2.7327
   35%        FFM (ours), deterministic   6.7462   7.3366   8.4525   9.4515  10.2073  10.8251  11.3693
              FFM (ours), with noise      6.6567   7.3331   8.4931   9.3613  10.1414  10.7517  11.3106
              OT-CFM                     12.4215  12.1254  11.8924  11.7261  11.6295  11.6043  11.6509
              MFM / LAND                 10.7983  10.5766  10.3729  10.1850  10.0122   9.8524   9.7023
              Curly-FM                   11.4718  11.4838  11.4876  11.4878  11.4934  11.5138  11.5577
              two-sample floor            2.7109   2.7109   2.7109   2.7109   2.7109   2.7109   2.7109
20 0%         FFM (ours), deterministic  11.3678  10.9566  10.6343  10.4208  10.3492  10.4519  10.7243
              FFM (ours), with noise     11.3041  10.8891  10.5675  10.3679  10.3327  10.5029  10.8506
              OT-CFM                     12.9259  12.6619  12.4619  12.3291  12.2666  12.2761  12.3569
              MFM / LAND                 12.7085  12.4472  12.2236  12.0368  11.8875  11.7767  11.7064
              Curly-FM                   12.7070  12.4615  12.2953  12.2067  12.1906  12.2413  12.3555
              two-sample floor            4.1238   4.1238   4.1238   4.1238   4.1238   4.1238   4.1238
   5%         FFM (ours), deterministic  10.5375   9.7798   8.9979   8.2742   7.9032   8.1845   8.9683
              FFM (ours), with noise     10.5846   9.8663   9.1502   8.4860   8.0353   8.0990   8.7039
              OT-CFM                     12.8973  12.6417  12.4502  12.3264  12.2724  12.2897  12.3780
              MFM / LAND                 12.5010  12.2563  12.0488  11.8784  11.7458  11.6529  11.6013
              Curly-FM                   12.6867  12.4508  12.2943  12.2163  12.2124  12.2772  12.4051
              two-sample floor            4.1624   4.1624   4.1624   4.1624   4.1624   4.1624   4.1624
   35%        FFM (ours), deterministic  10.6781   9.8274   8.9452   8.1989   7.9326   8.2604   8.9706
              FFM (ours), with noise     10.8119   9.9850   9.1041   8.2513   7.7322   7.8324   8.4289
              OT-CFM                     12.9903  12.7123  12.4971  12.3491  12.2712  12.2643  12.3293
              MFM / LAND                 12.5062  12.2098  11.9496  11.7247  11.5369  11.3868  11.2765
              Curly-FM                   12.7679  12.5133  12.3392  12.2431  12.2210  12.2686  12.3800
              two-sample floor            4.1352   4.1352   4.1352   4.1352   4.1352   4.1352   4.1352
50 0%         FFM (ours), deterministic  13.0841  12.8179  12.6325  12.5334  12.5258  12.6128  12.7940
              FFM (ours), with noise     13.1042  12.8387  12.6542  12.5512  12.5357  12.6110  12.7737
              OT-CFM                     14.0035  13.7810  13.6187  13.5196  13.4865  13.5195  13.6191
              MFM / LAND                 13.7207  13.4257  13.1781  12.9797  12.8317  12.7346  12.6909
              Curly-FM                   13.6932  13.4839  13.3459  13.2732  13.2612  13.3072  13.4092
              two-sample floor            6.7222   6.7222   6.7222   6.7222   6.7222   6.7222   6.7222
   5%         FFM (ours), deterministic  12.7684  12.4756  12.2728  12.1675  12.1664  12.2741  12.4896
              FFM (ours), with noise     12.7660  12.4683  12.2600  12.1424  12.1262  12.2133  12.4028
              OT-CFM                     13.9767  13.7605  13.6048  13.5128  13.4862  13.5266  13.6335
              MFM / LAND                 13.6945  13.4193  13.1958  13.0255  12.9089  12.8466  12.8400
              Curly-FM                   13.6911  13.4898  13.3589  13.2945  13.2917  13.3472  13.4593
              two-sample floor            6.7422   6.7422   6.7422   6.7422   6.7422   6.7422   6.7422
   35%        FFM (ours), deterministic  12.1020  11.7404  11.4974  11.3813  11.3959  11.5398  11.8063
              FFM (ours), with noise     12.1115  11.7461  11.5019  11.3827  11.3961  11.5402  11.8090
              OT-CFM                     14.0693  13.8337  13.6577  13.5443  13.4962  13.5150  13.6006
              MFM / LAND                 13.8729  13.5853  13.3455  13.1549  13.0148  12.9259  12.8902
              Curly-FM                   13.7785  13.5548  13.4037  13.3209  13.3010  13.3402  13.4373
              two-sample floor            6.7049   6.7049   6.7049   6.7049   6.7049   6.7049   6.7049
